time,x,y,z,phi,theta,psi,x_velocity,y_velocity,z_velocity,phi_velocity,theta_velocity,psi_velocity,rotor_speed1,rotor_speed2,rotor_speed3,rotor_speed4
0.06,-2.27641828842e-07,7.74229864721e-08,10.0060854214,7.84204978306e-05,0.000200943771513,0.0,-2.02166087488e-05,7.31890746401e-06,0.202832500748,0.003800851978,0.00932325278157,0.0,467.6774126574655,468.4028363851963,468.5986466606904,468.8939337702447
0.12000000000000001,-8.17185582245e-06,3.67544897703e-06,10.021843003,0.000784937309842,0.00100745438908,0.0,-0.000317344242045,0.000165285576854,0.322393304851,0.0242420725194,0.0206161022603,0.0,442.4479480478114,443.37644799780156,442.48982761854313,444.1690293723741
0.18,-5.15006282481e-05,3.44254693578e-05,10.0432299548,0.00231560450036,0.00195364893788,0.0,-0.00123543807355,0.0010050090111,0.390483423134,0.0279352146572,0.00369080077736,0.0,428.42336466813316,426.9820305651606,425.69372348328324,426.0097266227239
0.23999999999999996,-0.000174242986812,0.000157258885167,10.0728543278,0.00375446604072,0.00284829080348,0.0,-0.00292888701954,0.0032743851802,0.596909546816,0.0145894021729,0.0310928786335,0.0,469.4030843413636,471.5243449967977,469.34632887817077,468.30959645445853
0.3,-0.000423948988725,0.000444227330694,10.1139428896,0.00513627701877,0.00524490396264,0.0,-0.00564031086476,0.00642294176531,0.772605084635,0.0360664577786,0.0534688271854,0.0,459.9668199091741,461.73591799252875,459.6748284956741,461.37341113076207
0.36000000000000004,-0.000896128937458,0.000956722528047,10.1655628487,0.00748837896044,0.00833624805552,0.0,-0.0104550358307,0.0109157307953,0.947927186695,0.0448306155621,0.0473155145723,0.0,462.15860001621354,461.67500590931957,459.3666455014323,460.06171103790865
0.4200000000000001,-0.00168741949695,0.0017598325296,10.2232813374,0.00963653855028,0.0112097475578,0.0,-0.0161820679749,0.0160883469152,0.975994233356,0.0035538695609,0.0490193681116,0.0,413.9678836881014,414.1193470019152,416.5497252561988,412.92534625143463
0.48000000000000015,-0.00292009632842,0.002941086855,10.2864448418,0.00930038716742,0.0142131641294,0.0,-0.0252322643391,0.0232952398203,1.12931250806,-0.0390186865576,0.052054607555,0.0,454.66945668230153,454.91404947229046,455.9131178350121,452.49926120638554
0.5400000000000001,-0.00478333942108,0.00454770928952,10.3601110184,0.00690157490097,0.0178380265831,0.0,-0.0372696296296,0.0299813332894,1.32601535652,-0.0419755870947,0.0733490140303,0.0,466.55282045327107,468.2145678435421,468.49832597000955,468.2676591806555
0.6000000000000002,-0.00742192427349,0.00648576364377,10.443587437,0.00469905283846,0.0219146408885,0.0,-0.0511349935518,0.0343697477275,1.45636717296,-0.0278418662729,0.0540284874462,0.0,448.21764973263555,446.6482079827278,448.42186557374004,449.5677627722401
0.6600000000000003,-0.0109178676017,0.00863152654,10.5323126621,0.00324554532987,0.0250519939484,0.0,-0.0656946741727,0.0370095838573,1.50107574625,-0.0178281315643,0.0485631324886,0.0,421.54376899647497,421.07320383115143,420.6329929254258,421.49908386155676
0.7200000000000003,-0.0153779982198,0.0109139050709,10.6249486001,0.00237977695781,0.0284652737294,0.0,-0.0832931743252,0.0389733808102,1.5866649483,-0.00837680399042,0.0697805160357,0.0,434.124888550136,435.9036198348868,433.8264230249774,434.6193169352061
0.7800000000000004,-0.0210385359301,0.0133040012011,10.7251547413,0.00174542830758,0.032634804527,0.0,-0.105851842358,0.0406327492075,1.75328412102,-0.0153715414604,0.0689094906384,0.0,459.7967355083848,459.73122365686675,460.6944395914063,460.14121004818406
0.8400000000000004,-0.0281494987061,0.0157777025844,10.8354161201,0.000838264663791,0.037188991785,0.0,-0.13166169514,0.0417209145267,1.92180890044,-0.0146198283039,0.0871199201584,0.0,460.9149152708099,462.355966636988,460.7596137024145,460.8191459966845
0.9000000000000005,-0.0369127714178,0.0182960872733,10.9556848875,6.28298642927,0.0423726220923,0.0,-0.161017667503,0.0421188659736,2.08683838698,-0.0232357379424,0.0849016689796,0.0,460.6351527699942,460.4655878431477,461.32929368212166,460.64859761904677
0.9600000000000005,-0.0473589906765,0.0208148804575,11.081348696,6.2816117985,0.0472134032925,0.0,-0.187634555912,0.0417170922579,2.10190507614,-0.0222679430443,0.070517535634,0.0,413.35383688912134,412.0900663952167,414.57712608469063,414.66206766092307
1.0200000000000005,-0.0596015233042,0.0232811706109,11.2102935295,6.28080509783,0.0514185230706,0.0,-0.220868494607,0.0403887736662,2.19605501257,4.96338714401e-05,0.06920707262,0.0,439.71134023215984,439.6065745082299,438.6459071070122,440.49531863806453
1.0800000000000005,-0.0737800806483,0.0256628597184,11.3421200849,6.28137437715,0.0558649927997,0.0,-0.252128139974,0.0390300835225,2.19813534135,0.0237027253036,0.0824441504266,0.0,408.92939781041656,410.11153913065846,409.1182256905617,411.2187126809407
1.1400000000000006,-0.0897573952657,0.0279814558953,11.4712693903,6.2824913568,0.0616445401827,0.0,-0.280861762273,0.038351856333,2.10698709995,0.00576226114131,0.115155680436,0.0,375.2831801005055,378.4540831434608,377.734957758582,376.00095012278797
1.2000000000000006,-0.108015388147,0.0302683601696,11.6023243294,6.28262342822,0.0690601445694,0.0,-0.328512444349,0.0379060929993,2.26115925855,-0.00609269733643,0.136616534424,0.0,458.2215283140979,459.937359741405,458.3798176777778,457.43676737098184
1.2600000000000007,-0.129252466312,0.0325290286676,11.7419096376,6.28217989306,0.0771498860911,0.0,-0.38023947584,0.0374068145804,2.39134741874,-0.0101270723103,0.130994795153,0.0,451.3651757031681,450.9277362649543,452.8151100699615,452.49057338634526
1.3200000000000007,-0.15375771665,0.0347493116659,11.8891795105,6.28141492447,0.0849358618027,0.0,-0.437410026088,0.0365310138171,2.51729903655,-0.0185911691799,0.127191339658,0.0,451.917579051575,451.62602798078984,451.19081842814455,450.50708938121056
1.3800000000000008,-0.181736888959,0.0369022668685,12.0425622036,6.28087180589,0.0932804012318,0.0,-0.496010695352,0.0351574779103,2.59519703082,0.00527839080087,0.15593680983,0.0,436.0661285110947,438.4784316144301,435.60665580931146,437.59819246308973
1.4400000000000008,-0.213471286768,0.0389649303234,12.2012955683,6.28101586105,0.102925325618,0.0,-0.562752409559,0.0336230393051,2.69556764274,-0.00408509981705,0.168949838547,0.0,443.356890137334,444.4491875111088,445.80587015526567,445.04009371265505
1.5000000000000009,-0.249218662317,0.0409407663596,12.3641845546,6.28097471369,0.112957020493,0.0,-0.629755180083,0.0322260540848,2.73384913916,0.00536854036002,0.163436948961,0.0,426.03067341939584,425.58710629056526,424.667935347929,425.4780858425976
1.560000000000001,-0.29024331246,0.0428143651628,12.5386204214,6.28160929647,0.122799820158,0.0,-0.738991905454,0.0302979399144,3.0796102745,0.019360691114,0.165237439658,0.0,517.3873405120726,517.5355816671537,516.9113379876076,517.8962771081502
1.620000000000001,-0.336885527454,0.0446077817218,12.7240761055,8.68608066291e-05,0.132587802432,0.0,-0.816634436871,0.0296141738537,3.10203388114,0.04064495404,0.158558584218,0.0,423.1887991918991,422.640315683599,422.1616122067518,423.99445486436025
1.680000000000001,-0.388957087096,0.0463971033735,12.9152298054,0.00278980747575,0.141836182602,0.0,-0.920073926798,0.0303184879571,3.2690939775,0.0526533359882,0.143399796788,0.0,468.81627943668025,467.6579205309445,469.52293949517,470.4547021153044
1.740000000000001,-0.447571598789,0.0482957479225,13.1172706077,0.00603835364993,0.150312340182,0.0,-1.03465295131,0.0333391533927,3.46481287901,0.0569646387346,0.136631810741,0.0,478.7267461934556,478.2284706543809,479.3329036232914,479.6621433770696
1.8000000000000012,-0.512439328269,0.050417804459,13.3256515476,0.0100242622722,0.158968975053,0.0,-1.12835818751,0.0377303200026,3.48098855438,0.0806739901589,0.156321750313,0.0,423.16103148068646,424.8729140911581,424.02672196729606,426.06211142494635
1.8600000000000012,-0.583364968348,0.0528978993128,13.5366565281,0.0144645670985,0.168549285008,0.0,-1.23672273553,0.0453930408647,3.55205703986,0.0553194903276,0.165640134558,0.0,442.7423521630543,443.5326040026098,443.85828945180594,441.7765861658611
1.9200000000000013,-0.660863607649,0.055908810837,13.7511754017,0.0173905187093,0.178540105735,0.0,-1.34747873682,0.0552629694583,3.59817276294,0.0305521909146,0.168203623499,0.0,436.60964602354755,436.8505038900837,436.18878570381094,434.1168085529864
1.9800000000000013,-0.745145418963,0.0595562151804,13.9681108137,0.0188435313518,0.188032746832,0.0,-1.46282574588,0.0664663631047,3.63262624955,0.00687706845768,0.111067788212,0.0,435.1077681410061,430.3194496031081,434.3342987728715,432.34411189220407
2.0400000000000014,-0.836591480008,0.063904943437,14.1874702902,0.0193687377356,0.194762696523,0.0,-1.58598529056,0.0785284651882,3.67898114937,0.0122643760257,0.114274286727,0.0,437.73993759716967,438.01807019428867,437.28805743253037,437.73651294873025
2.1000000000000014,-0.935329535148,0.0689653610094,14.4084161265,0.0203468716617,0.201626354297,0.0,-1.70589425185,0.090223648595,3.68562848105,0.0233529272627,0.114633020458,0.0,424.9248866534213,424.9679664888969,425.44843537916216,426.39678199663416
2.1600000000000015,-1.04104536003,0.0747117332426,14.6280535585,0.0216850359159,0.208374965417,0.0,-1.81855923706,0.10143023438,3.63556153047,0.0201152429877,0.107776984612,0.0,407.06272750592115,406.46118327785354,406.528677878912,406.23851025783875
2.2200000000000015,-1.15595181737,0.0813895653335,14.855541915,0.0230235083622,0.215366256622,0.0,-2.01233661456,0.121302543151,3.9459564728,0.0263670382677,0.129913445972,0.0,517.5215267672389,519.0871600701956,517.7384864131388,518.1781248321466
2.2800000000000016,-1.28127157497,0.089146581355,15.0951809353,0.0244501266733,0.22331420328,0.0,-2.16571785155,0.137401311806,4.04131622904,0.0180163660948,0.137131098862,0.0,458.09437729445347,458.68350956069486,457.8545094002295,457.18963696661365
2.3400000000000016,-1.41553675229,0.0978497080382,15.3386178684,0.0256924852052,0.231298654675,0.0,-2.31051730785,0.152798360127,4.07278098795,0.0256048583231,0.123398907554,0.0,439.58779221939227,438.46469734151594,438.71998608762397,439.3496640033421
2.4000000000000017,-1.55866535497,0.10750292548,15.5839866925,0.0277514433957,0.238962613114,0.0,-2.46111445111,0.169132022269,4.10569524033,0.0476758328924,0.135226176877,0.0,439.7238626772741,440.71761662317874,439.92530848482915,441.7497231799875
2.4600000000000017,-1.71140878972,0.118226321734,15.8330118735,0.0308099558516,0.247404180253,0.0,-2.63108976934,0.188589899528,4.19436417198,0.0568676853652,0.149836026917,0.0,458.47417850072696,459.65116642916087,459.524784041036,460.25447190179426
2.520000000000002,-1.87441089946,0.130164046415,16.0868104781,0.0339700280832,0.25635415919,0.0,-2.80312403454,0.209632658429,4.26482718975,0.0425676810334,0.147793820755,0.0,455.35362629415306,455.210528568225,456.1577858362884,455.0159852845892
2.580000000000002,-2.04786826567,0.143414551388,16.344568242,0.0362100775013,0.264696636581,0.0,-2.9795693376,0.232258360047,4.32634703756,0.0239955993724,0.109066387576,0.0,455.437007327616,452.3450579266128,455.3213692088535,453.83353579275706
2.640000000000002,-2.23173921455,0.158014611752,16.6047109381,0.0374161061649,0.271424334015,0.0,-3.15005956588,0.254511393078,4.34456363262,0.0108767493584,0.117635071686,0.0,441.3123815060573,442.0303865783074,442.40914823220743,441.32748226851487
2.700000000000002,-2.42521441316,0.173864563039,16.8631631286,0.0378644331809,0.278875790135,0.0,-3.29978139964,0.273857829835,4.27038894551,-0.000396361446224,0.134827810703,0.0,410.8466663620362,412.38358426831417,411.80050393677135,410.8018401836047
2.760000000000002,-2.62843180749,0.190960950544,17.1192826896,0.0383579725903,0.287152043142,0.0,-3.47486433577,0.296025354568,4.26642349575,0.0214814724254,0.143520719896,0.0,436.01250135844765,436.7562022468504,434.62828239758653,436.45824532637175
2.820000000000002,-2.84174031445,0.209322151499,17.3731581795,0.0392399900992,0.295481695301,0.0,-3.6361825551,0.316092547501,4.19586350479,-0.0044769644023,0.127246475975,0.0,414.94693951935676,413.53482021500855,415.4361808012864,413.1533556877783
2.880000000000002,-3.06720834922,0.229193472382,17.6303659405,0.0393260041625,0.303069257817,0.0,-3.8800598557,0.346218424857,4.37628029369,0.0112058504544,0.124838503717,0.0,495.5584594789256,495.39417001189406,495.2256859782187,496.37803035385423
2.940000000000002,-3.30787219862,0.250920516441,17.8994875455,0.039891796783,0.310838841859,0.0,-4.14267474897,0.378020720826,4.59270958594,0.00561762037139,0.137464837825,0.0,508.83706378116,509.7531825877616,509.0719884529355,508.67178147239713
3.000000000000002,-3.56151738156,0.274194804867,18.1722590706,0.0406283152575,0.319184535487,0.0,-4.31293555699,0.397820846172,4.49948307983,0.0230563035701,0.142167133304,0.0,413.47157564296276,413.90522931289564,413.3837437384386,414.91780271920396
3.0600000000000023,-3.82672583919,0.298814857251,18.4429728114,0.0417116213418,0.328030015662,0.0,-4.52810541269,0.422924336881,4.52343023805,0.00547857609395,0.156270719296,0.0,453.06434693046396,454.21679272380345,455.73493560410327,454.32747077986505
3.1200000000000023,-4.10553519487,0.325014705539,18.7164953074,0.042229354044,0.337881665644,0.0,-4.7663539631,0.450392479437,4.59276291702,0.0142835508963,0.176584072864,0.0,470.0234240652013,471.61903448024896,470.5555265914557,471.23664586723214
3.1800000000000024,-4.39887063066,0.352870748405,18.9940947539,0.0431561758481,0.348300790637,0.0,-5.01236726972,0.478170554923,4.65922763021,0.0176778863851,0.167037920939,0.0,471.8300437264454,471.11937935035127,473.67821337685723,473.93910368916187
3.2400000000000024,-4.7076426813,0.382460801129,19.2767884924,0.0448368031548,0.358972118926,0.0,-5.28086265149,0.508237895887,4.76227481198,0.043231677981,0.193589616158,0.0,486.13670327258995,488.1493816661952,485.60507889789193,487.51865102011186
3.3000000000000025,-5.03038060037,0.413601134521,19.5591936108,0.0473454985755,0.370627118943,0.0,-5.47806326684,0.529931769957,4.65077999915,0.0388092675268,0.19553703161,0.0,420.016131842592,420.22423404846637,418.9397723745106,418.55602250024873
3.3600000000000025,-5.36682564096,0.446278765803,19.8390874335,0.050429106412,0.382489185166,0.0,-5.73771322336,0.559507678856,4.67762132551,0.0689729680949,0.201705329624,0.0,467.33108104491384,467.8477731753256,466.4956255408875,468.84697451683445
3.4200000000000026,-5.71819402448,0.480671708216,20.1182156128,0.0549662730564,0.394860674249,0.0,-5.97556125009,0.587218128012,4.6256470862,0.086380543402,0.213908612504,0.0,443.92964916942725,444.971673751781,444.01592866683114,445.4464787329673
3.4800000000000026,-6.08653107117,0.517123562585,20.3999505904,0.0600286257742,0.4071565583,0.0,-6.30323502192,0.628260054558,4.76312784124,0.080022417607,0.173239465619,0.0,509.2156061731785,506.33143846534404,507.68923737323394,507.2375940716954
3.5400000000000027,-6.47265598494,0.555832446321,20.6847731758,0.0648013696314,0.417874363179,0.0,-6.56843525207,0.662354063267,4.72973493311,0.0785755035064,0.187663243423,0.0,457.6347412026603,458.8112164759166,458.39515734710716,458.28499573225537
3.6000000000000028,-6.87554591049,0.596749650988,20.9688581379,0.0696409738399,0.429117382869,0.0,-6.86204713692,0.701865655454,4.7381175376,0.0845311593407,0.186819450096,0.0,474.51409095370354,474.48096343318554,475.1211283024035,475.5823969307847
3.660000000000003,-7.29612394257,0.640087420355,21.2529087728,0.0744976094931,0.440477943529,0.0,-7.15803485391,0.743036593895,4.72860595264,0.0725851856087,0.193957023641,0.0,472.077660728793,472.6607141746538,473.55878661125854,472.6435642043987
3.720000000000003,-7.73281358036,0.685664638194,21.5322395763,0.078493084258,0.452080566355,0.0,-7.39928456758,0.776420991601,4.58167691651,0.0505726201281,0.19219308661,0.0,428.6469169961059,428.5349286078123,430.28953164207036,428.4247369673689
3.780000000000003,-8.18516371353,0.733440937921,21.8046087475,0.081424043551,0.463901742047,0.0,-7.67995957195,0.81623829499,4.49601126278,0.0451597962098,0.205239723958,0.0,452.27487977557234,453.36169293184247,452.72855734505634,452.2941226868144
3.840000000000003,-8.65418819202,0.783570135359,22.0708743813,0.0846289774672,0.476568906501,0.0,-7.95516362231,0.854839687905,4.3783088868,0.0662242788297,0.220833768045,0.0,443.7018805168652,445.0242486272075,443.8280313557244,445.55584437111327
3.900000000000003,-9.14262730997,0.836485076257,22.3350106254,0.0888806323857,0.490634903858,0.0,-8.32689423489,0.909143861219,4.42354324221,0.0788098133768,0.252979158358,0.0,500.4641585431171,502.8456743374626,502.4097248161984,503.324798415492
3.960000000000003,-9.64964576312,0.892044244137,22.594115056,0.0937398583783,0.505753493272,0.0,-8.57487408008,0.943012103341,4.21238788634,0.0850178896166,0.249896395605,0.0,419.8207508116013,419.6209009167067,418.7093291211792,419.2549748655023
4.020000000000002,-10.1728195973,0.949850052936,22.8422306262,0.0984121195987,0.520925937447,0.0,-8.86529271729,0.984020084396,4.05665912123,0.0570870025934,0.258237594673,0.0,442.2402928003568,442.9913681193421,443.6323017682933,441.3367693069764
4.080000000000001,-10.7131774386,1.01006459777,23.0799208907,0.102082349035,0.536261000184,0.0,-9.14771619109,1.02319966871,3.86502189393,0.0682884875994,0.249680183585,0.0,433.4616165911904,432.8090770983628,432.26093408924856,433.2069367580828
4.14,-11.2700229767,1.07252949502,23.3047188433,0.105920633425,0.551156840248,0.0,-9.41493449078,1.05905181594,3.62718690653,0.0535257833367,0.245276255828,0.0,419.14575975945684,418.8285742779121,418.72674005318817,417.44322870743423
4.199999999999998,-11.8458345237,1.13762353409,23.5193746861,0.10895904218,0.566875122162,0.0,-9.77959412424,1.11070605745,3.52560454093,0.0441364076397,0.283273864409,0.0,471.3395019147071,474.33036879813693,472.24206104570277,471.51846630710605
4.259999999999997,-12.4434687096,1.20576440746,23.7270887951,0.1115093655,0.583729451245,0.0,-10.1423830871,1.16054598803,3.3957219222,0.0390267389605,0.275703269955,0.0,468.00581024029964,467.49157460277985,468.99181756873355,468.595525711843
4.319999999999996,-13.0624228815,1.27676787436,23.9255910028,0.114088122552,0.599895841772,0.0,-10.4902822623,1.20612138006,3.2188081039,0.0498975225909,0.25243798388,0.0,457.6232910643189,455.8374454518917,457.0523234143063,457.91915313520786
4.379999999999995,-13.7026830931,1.35052823361,24.1134118934,0.117049034471,0.615064271158,0.0,-10.8524957122,1.2524553521,3.03959194677,0.0482276984794,0.253533913792,0.0,461.44702684194857,461.59510968917607,462.14790669587654,462.01763350557565
4.439999999999993,-14.3636714463,1.42685465821,24.2883909115,0.119526440165,0.630063352471,0.0,-11.1813729088,1.29165842394,2.79119571955,0.0214393843216,0.241744826114,0.0,442.6983617042357,441.789737511575,441.1027153200501,438.88488770074173
4.499999999999992,-15.0442756029,1.50545663453,24.4476802552,0.120519600572,0.645171800389,0.0,-11.5063956,1.32822386883,2.51668359787,0.00434451944875,0.266705252656,0.0,434.1379910617492,436.2922132371012,436.8192149894801,435.39066518136906
4.559999999999991,-15.744635004,1.58621950833,24.5902072426,0.120711201307,0.661356247463,0.0,-11.8398408332,1.36361407264,2.23224036484,0.000785280001928,0.275197726404,0.0,437.4603844677072,438.24175016522724,435.77689718295125,435.47909026190445
4.6199999999999894,-16.464072834,1.66888046774,24.7138472442,0.120907221415,0.677875164457,0.0,-12.1424940827,1.39152585629,1.88745168021,0.00781850957313,0.275548815018,0.0,416.9764546845281,417.08925302991895,416.65449324935264,417.26915360697024
4.679999999999988,-17.2051215525,1.75365243424,24.8204239764,0.121431657135,0.694022867409,0.0,-12.5596201191,1.43382565312,1.66202004147,0.0105238116754,0.251507811458,0.0,471.9441767021546,470.15214526474085,470.97849053270573,471.1876349892744
4.739999999999987,-17.9702541196,1.8407351968,24.911619121,0.122109778582,0.708795944382,0.0,-12.9454689435,1.46860964427,1.37520940534,0.012814704375,0.232724267173,0.0,455.19039733218074,453.7429746080142,454.82700276228036,455.0103906946761
4.799999999999986,-18.7575465975,1.92968004927,24.9837794153,0.122885462044,0.722931407402,0.0,-13.2985195839,1.49594251071,1.02795436978,0.0131538008132,0.240773864849,0.0,435.80993624392374,436.53889892039314,436.9890839349776,437.01724513114124
4.859999999999984,-19.5680593567,2.02046416098,25.0367285384,0.124041652192,0.73752097048,0.0,-13.7190606791,1.52982101373,0.733953707004,0.029322578297,0.247539610724,0.0,465.1759053319705,465.7617451420286,465.0259193830825,466.29122464682797
4.919999999999983,-20.4075378838,2.11370028044,25.0753594552,0.125377391207,0.752148858934,0.0,-14.2632183799,1.57753072406,0.549140824637,0.00185676297038,0.235027931001,0.0,517.4846330166129,516.6529894510026,517.6646346482257,515.7275409709099
4.979999999999982,-21.2739153445,2.20893094762,25.0959799842,0.125599914755,0.76601960447,0.0,-14.6169899273,1.59648811074,0.135846977163,0.00717698878332,0.222107133392,0.0,435.48158335016336,434.45321143402793,435.74591557540083,436.190595286105
5.0399999999999805,-22.1669216858,2.30590561049,25.0966609911,0.126331673223,0.778991560469,0.0,-15.1496451491,1.63542868812,-0.117550379483,0.0207081631782,0.200529776651,0.0,510.3636530972848,508.85983444953513,509.06960766175615,510.0371874262511
